- orientation:
    w: 0.9995399694206515
    x: 0.0
    y: 0.0
    z: 0.030329021259565506
  position:
    x: 1.4683584826496483
    y: -0.006709774250873103
    z: 0.0
  task_type: task
- orientation:
    w: 0.6987550235866989
    x: 0.0
    y: 0.0
    z: -0.7153610396242948
  position:
    x: 5.065591278720479
    y: -5.391818712424946
    z: 0.0
  switch_to_map: first
  task_type: map_change
