- orientation:
    w: 0.9813974291448351
    x: 0.0
    y: 0.0
    z: -0.19198720287536994
  position:
    x: 1.4527961302999723
    y: 0.18099256536080724
    z: 0.0
  task_type: normal
- orientation:
    w: 0.9992896221142731
    x: 0.0
    y: 0.0
    z: -0.037686219427176454
  position:
    x: 2.5890996523188843
    y: 0.0752185396819844
    z: 0.0
  task_type: task
